0 0
001 0.12900
003 0.42600
004 0.59560
005 0.70340
006 0.75490
007 0.78100
008 0.80290
009 0.81180
010 0.82140
011 0.82770
012 0.83290
013 0.83430
014 0.83910
015 0.84080
016 0.84190
017 0.84560
018 0.88410
019 0.89900
020 0.90140
021 0.90720
022 0.91220
023 0.91190
024 0.91120
025 0.91710
026 0.91980
027 0.90940
028 0.91720
030 0.91590
031 0.91380
032 0.92020
033 0.91710
034 0.92120
036 0.91420
037 0.92840
039 0.91830
040 0.92270
041 0.91740
042 0.91940
044 0.92240
046 0.92170
047 0.91770
048 0.92580
049 0.91630
051 0.92890
052 0.91910
056 0.92560
057 0.93230
058 0.92930
059 0.92850
061 0.92640
062 0.93050
063 0.93340
068 0.93160
069 0.92980
070 0.93580
073 0.93130
075 0.93000
081 0.93500
082 0.93760
083 0.93090
086 0.93530
087 0.93260
089 0.93540
090 0.93770
092 0.92810
096 0.93980
099 0.93770
102 0.94180
103 0.94310
113 0.94020
114 0.94150
115 0.94220
117 0.94010
119 0.94300
126 0.93480
