0 0
001 0.13280
002 0.24670
003 0.45310
004 0.61180
005 0.70200
006 0.76790
007 0.82260
008 0.85310
009 0.86500
010 0.88510
011 0.89220
012 0.89730
013 0.90360
014 0.90670
015 0.91080
016 0.91210
017 0.91500
018 0.91720
019 0.92080
020 0.91780
021 0.91940
022 0.91870
023 0.92350
024 0.91840
026 0.92530
027 0.92550
030 0.92830
032 0.92490
033 0.93270
034 0.93050
036 0.93570
039 0.93060
040 0.93610
041 0.93550
043 0.93940
044 0.94320
045 0.93540
046 0.94100
048 0.93840
051 0.93950
054 0.93940
056 0.94370
058 0.94270
061 0.94810
063 0.94530
064 0.94840
